-0.60
2.09
3.59
2.28
1.56
2.77
5.40
5.56
1.47
1.34
2.43
0.94
1.79
1.01
4.61
4.58
-0.18
1.52
4.59
5.25
3.63
2.03
2.91
3.73
2.10
4.86
3.40
3.91
6.42
2.85
-0.25
-1.79
1.45
1.40
0.05
0.72
2.11
4.52
5.06
6.09
0.04
0.58
1.48
5.35
-0.10
5.11
-0.34
4.69
7.01
0.58
4.26
1.56
4.50
5.23
6.38
2.29
0.66
-0.04
0.39
-0.26
2.39
1.16
3.76
2.01
3.14
1.77
5.13
-1.18
0.56
0.23
0.76
5.16
0.57
4.72
3.50
4.30
4.70
-0.23
1.51
2.18
0.69
1.01
1.94
-1.07
5.05
0.26
2.28
5.62
5.99
1.24
-0.63
3.23
5.32
3.58
1.70
0.37
6.17
6.67
5.50
5.07
5.37
3.67
-0.39
-0.38
1.87
1.71
2.66
-1.05
4.40
1.44
-0.91
3.21
6.34
2.29
1.01
4.86
5.72
-0.60
-1.07
5.30
1.78
1.13
4.88
2.86
-1.49
-0.22
3.93
1.31
3.84
-2.55
-0.09
3.35
2.80
4.58
-0.25
5.90
-0.77
0.69
2.39
0.17
-0.84
5.79
2.89
5.27
1.97
0.85
5.51
0.01
0.68
6.00
3.18
5.64
0.80
1.73
5.36
-0.11
5.70
7.46
1.49
2.57
-1.66
1.14
4.09
5.06
-1.16
4.69
5.15
1.24
5.14
-0.73
1.29
3.68
0.49
0.63
-0.24
2.67
6.55
-0.66
-0.41
-1.88
4.76
3.75
4.83
0.81
2.43
0.21
5.22
1.97
1.05
2.43
-0.41
1.85
2.38
5.07
2.99
0.32
6.40
3.24
5.48
4.79
4.08
3.01
1.49
0.73
6.04
0.69
0.62
0.33
3.92
-0.13
0.84
6.27
0.58
6.18
1.50
4.06
-1.02
1.12
-0.95
1.05
5.14
2.15
-0.90
5.07
3.92
2.67
-1.04
5.28
-1.26
2.90
2.48
1.77
-0.08
-0.46
1.25
2.02
4.37
1.01
-1.14
1.03
-0.15
4.87
1.00
5.36
4.41
-1.25
0.36
2.33
3.17
2.57
-0.82
1.08
1.49
3.34
2.23
0.03
-0.00
5.58
5.68
0.08
4.42
4.10
0.31
3.08
3.04
2.16
0.89
1.55
6.35
-0.72
2.92
3.68
1.28
5.68
4.74
4.40
0.61
5.70
3.98
-2.06
4.98
1.71
1.52
3.56
2.97
4.68
6.18
1.21
0.84
2.23
3.92
4.41
1.28
1.80
1.75
3.83
3.23
1.22
-0.77
0.15